-0.733009945066269;-1.32102758038142;0.515666735663353;-0.68471410247056;1.1159031610435
-0.204783332807431;0.589412819459721;0.307788125403026;-0.267687752990026;-0.634764563840491
1.29230958437396;0.64038088444614;-0.0621820276283925;0.630205265325604;-0.772531823412151
-1.95308676854977;-1.38423823792708;0.127390298803233;-2.16512800949354;1.28460231765965
-0.22605907928964;0.59893730956601;-0.0971713310821519;-0.345753506574954;-0.796787109983893
1.0086185021593;0.22512218478737;-0.111689797003594;0.525971507256969;-0.402712027206402
-0.867475211951149;-0.00474281702353088;-0.184943758944713;-1.37634667558362;-0.248740763561052
-0.665106740414941;-0.959642079367448;-0.139450110117762;-0.22684393622487;0.57094733953174
-0.366801330086658;-0.741404997457063;0.38717212014031;0.073345377397013;0.58167349798625
-0.795619050939064;-0.32751811780831;-0.0126707184687231;-0.287359481719737;0.606085138450113
-0.0789175291772984;-0.35793958460906;0.0279654868111906;-0.231433343489357;0.246992625881828
-1.02488702066293;-0.0808371903512104;0.0571497680131222;-1.00224063263308;0.276870796242211
-1.17279136513884;-0.230643698165136;0.289041214202493;-1.61081717528898;-0.154430018210293
0.66116446827787;-0.55196897978928;-0.121027696286913;0.517725356365169;0.524230317112726
0.506863886114277;0.796618615137287;-0.232763558996813;0.61917020889012;-0.69338942050082
1.05728770714795;-0.561785941786493;0.392985765021585;0.619045733075802;0.381308594464509
-1.04969458045245;0.525732540755389;-0.103461945261348;-1.22617889564816;-0.505607635214236
-1.13993681811713;-0.927801688411233;-0.1695740010399;-0.744943976378921;0.792465154042544
0.100320147021867;-1.27958701074687;-0.289931746012813;0.182197902875448;1.0965792159943
1.51271957821978;1.41309657649249;-0.301292543542617;1.82653275060662;-1.75372980078772
-0.37542589766852;0.2570187876705;-0.134608712650998;0.00505295846621019;-0.0463170701558699
-0.945421156417563;-0.0698193462762608;0.144930520809262;-0.656893783426765;-0.16530398133807
0.777969404635869;-1.85178883776906;0.260282460092333;0.861069532302483;1.72785501096707
0.602871167771727;-0.265370077966791;0.165944178314898;0.952497886257157;0.321303706847622
0.568541657699364;-1.21785314993118;-0.0852851958735182;0.671927059775496;1.65931598593466
-1.48580592944682;-1.24352427625803;0.0140126023978597;-0.829162694915121;1.01699524241503
0.232471916337488;0.897474755281325;-0.165242517878043;-0.0434244429509067;-0.592200658843531
-1.69930581825306;0.345602986821919;-0.168202568413916;-1.63369804136408;-0.322786686104991
-0.805852653475247;0.157115193465634;0.20746893211685;-0.205178290443611;-0.261527905807872
-0.0995575405702048;-0.82570897808233;-0.238177571812089;-0.494734392336709;0.662006982555848
1.59538482482574;0.474918919809469;0.458557081541675;1.64396798884812;-0.091824660522507
-0.251076527672541;-0.378090733984072;-0.0211818223479142;-0.372014724352251;0.541626533168143
-1.01255699139598;0.320266901652505;0.0503138146757851;-1.42570967002232;-0.278784287449543
0.386802968064566;-0.923981830208048;-0.173200099268836;0.382993644887574;0.705800063931508
-2.00273147500011;-0.575133715171212;-0.134706088136499;-2.19450364067397;0.00545980722509745
-0.844740790700264;-0.246701696977997;-0.30886766114531;-1.43247769023116;0.453910582626343
-1.55744004529988;-1.70646008504884;-0.0428998062247631;-1.97850953619217;1.37110543088243
-2.28582420107084;0.606914595020326;0.0982600837573214;-2.3024423114872;-0.292444416962881
0.328348333373101;-0.302993597752901;0.0760561103416869;0.581182824790569;0.611966768986195
-0.870706333514148;-0.299636367646873;-0.183286552787932;-0.768758103959434;0.0212428696072483
0.55979066775326;1.43214424066936;-0.184948246031831;0.892003300527235;-1.36088019970562
0.145994322416353;-1.77122028578259;-0.117776039153924;0.384630691913779;1.74370452080493
-0.55925362218101;-1.46838007792207;0.350857327174966;0.142153532680131;1.09670393061025
0.416488507843229;-0.542617165428855;-0.266721341303743;-0.25929703145932;0.100962553405842
0.0420997966865461;-1.48908640591831;-0.0419913210051197;-0.349262498877256;0.978726208581745
-0.75545723681425;-1.09470425494979;0.446143393464462;-0.716368478375845;0.963438236367307
0.240689159149321;-2.31530976906463;-0.0236807096746303;0.385999067255616;1.95225610647068
-0.829476364364417;-0.868099832073318;-0.318910913402663;-0.784998719669324;1.14793803872658
0.228869763984535;-0.12622345805588;-0.155902251792919;-0.193368937637689;0.505635345521663
-0.134022200694907;-0.941754766624191;0.11385045679095;-0.14009164409048;0.419822718901047
-1.43421112130939;-0.778578219878476;-0.0880866814357421;-1.33134598653019;1.14091566810675
-0.347040633529772;-0.257563059052609;-0.131771687533309;-0.697261199612325;0.576318242911554
0.336938122556294;-1.80048123789187;-0.0806557407515505;0.273466082545504;1.93649141679858
-0.872464334646131;-0.387279869629049;0.0212233449976491;-1.28422729215615;0.178077543146349
-0.100936166466925;-0.229485941334066;0.374883536619918;-0.190566396713762;0.287949234785899
1.80354107696973;-0.618838011264931;-0.0207703598873375;1.38418617451123;0.274686973685129
0.495700692112957;1.46338755099359;0.253469949497915;1.059630915259;-1.19563018834414
-1.07404263145036;0.0794950905518763;0.147924952231045;-1.2648694097912;-0.231676411886691
0.560706681845293;1.98426068838653;-0.0266509178413345;0.0769944121188153;-1.68922112503233
-1.00401408561422;-0.642491977501939;-0.359497385631148;-0.608724595606712;0.508697299869907
-0.0033048306316425;1.32973564428107;-0.122212843948263;-0.160368226137402;-0.949476679753434
1.43556814258174;1.65915612975606;-0.114884804683627;1.71181230432646;-1.98608189205242
-0.413217629581725;-0.0913159382810564;0.0110586947285101;-0.258494246976823;-0.207646058299997
-0.913131775184984;0.561835710513743;0.304923618431502;-0.406304362828628;0.301363124036422
-0.0655873670973603;-0.399969248889404;0.537774687868855;0.420748431075922;0.174642286792507
1.75951253877377;0.891422530560745;0.362939929433085;1.62570735277504;-0.687398431707067
0.49857366847082;-1.76342931520353;-0.0312266690762084;0.425012456139223;2.01473281360816
0.921065366083409;0.86366741621162;-0.411942188934257;0.733867957030288;-0.825920018658412
0.996743661888198;1.28821836798173;-0.0911769600772058;0.859581073596707;-1.13781467118236
1.88922146856456;-0.670178091968413;0.0209209482496533;1.15781289974324;0.885393743887386
1.01613810816871;-1.22178724125623;0.198173115576682;1.60710580926833;1.35936975091335
-1.01740149862178;-0.328202883525651;0.225732817632473;-0.584825256307371;0.31823148328192
-0.164580860466632;-0.0366961004940354;0.160484786616538;-0.566269797038159;-0.105082932846712
-1.02071411965868;2.29074892318823;-0.327220839978841;-0.64764767600412;-1.72214814833503
2.1883239440166;0.267480087369915;0.199258956573153;2.49785682455511;-0.495263446253822
-0.355703877071096;0.161528089682695;-0.104726950279656;-0.786288225715091;-0.451472487112415
-1.82650809622298;-0.187492844616588;0.0409948669848022;-1.91615216820256;0.369243187460173
1.19419601126363;-2.50029028786274;0.0174838008164537;1.60626657441673;2.55411008121692
0.397827731546422;0.140271057225171;0.100414007112514;0.337915231584641;0.0185524018260554
-0.287201901879533;-0.325352741779155;0.00578679641605496;-0.566028136539233;0.174980827058321
-1.99204793528183;1.4505470949103;-0.391057573841445;-1.9876419487032;-1.74451949179733
-0.0647018276936154;0.301731975314213;0.172723614010986;-0.152243930363023;0.0813296613907248
-0.403551753129503;-1.71987431476215;0.0905312549948938;-0.254839510149304;1.75535723589097
0.366195914502157;-0.645113025309256;-0.0623008284913841;-0.0277697440892114;0.416296279445711
1.14610235659286;-0.098929095664653;0.0277073438274992;1.30166247691728;0.104435879487011
1.94798059801902;-0.927578333816578;0.0314348487330812;2.09158719454678;0.950572890906781
1.52963513450803;-0.10874809361515;0.0518336599283162;1.2650333709696;0.509214152433192
-0.490716979139199;0.0917223720162324;0.384812535817333;-0.83305457268547;-0.125571963449757
0.245692515269238;-0.405348740859042;-0.0513718674772435;0.270224028491216;0.777956551918883
-0.603327317455642;-0.833975376534535;0.0394148262626686;-0.904217466875345;0.656882687612272
-0.0911105945805889;0.39103912942444;0.274010306588341;-0.521931909544754;-0.34191849856619
-1.60387338175592;2.04188111612067;0.247227364287695;-2.16626695191231;-1.99186482170483
0.721476049527857;1.75334766278359;0.268588007103621;0.805393029855382;-1.59760833229526
0.831903588178871;0.113383299561745;-0.135428250648174;0.88092872084512;-0.471641096619427
1.56962622266163;-2.19361935074982;0.469623827846987;1.03595009024644;1.74140054750775
0.400194736456006;0.460558328071042;0.0156427408102439;0.8611330226781;-0.0403655585797611
0.327111378240627;-1.0464276334431;0.437815565683426;-0.504145009592567;1.23184261174913
0.434280011074963;0.92361772911006;-0.316814762427313;0.102092398254236;-1.25547284709247
0.71346747090162;0.395185189488514;0.00492108720667657;0.560729630825298;-0.528915111286487
-0.271907607642885;2.56777904689848;0.293130950105348;-0.0112408600263529;-2.8425869638699
